1
[
3 3 . . . 14
15 . . 17 . 14
15 2 2 17 . 14
15 . . 17 . .
4 . . . 5 5
4 . 16 16 16 .
]



2
[
3 . . 15 15 15
3 . . 6 . 16
2 2 . 6 8 16
14 14 14 . 8 16
. . 5 . 9 9
4 4 5 7 7 .
]



3
[
. . . . . .
. . . . . .
. 2 2 14 . .
. 3 3 14 . 15
. 4 . 14 . 15
. 4 5 5 . 15
]




4
[
14 . . 16 . .
14 . . 16 . .
14 2 2 16 . .
. . 3 17 17 17
. . 3 . . 4
. . 15 15 15 4
]




5
[
3 3 . 16 . 7
14 . . 16 17 7
14 2 2 16 17 8
14 15 15 15 17 8
4 . . . 5 5
4 . . . 6 6
]




6
[
3 3 . 8 . .
4 4 . 8 16 17
. 2 2 14 16 17
5 5 7 14 16 17
6 . 7 14 . .
6 . . 15 15 15
]




7
[
. 3 4 4 7 8
. 3 . 6 7 8
. 2 2, 6 . 9
. . 5 5 . 9
. . . 10 . .
. . . 10 . .
]




8
[
. . . 9 9 16
. . 6 6 11 16
2 2 7 10 11 16
3 3 7 10 12 12
4 4 8 14 14 14
5 5 8 15 15 15
]




9
[
. 3 4 4 7 7
. 3 . 6 8 8
2 2 . 6 16 9
14 15 15 15 16 9
14 . 5 . 16 10
14 . 5 . . 10
]




10
[
3 3 6 . 8 8
4 4 6 . . 16
14 2 2 . . 16
14 15 15 15 . 16
14 . . 7 9 9
5 5 . 7 10 10
]




11
[
14 3 3 16 . .
14 . . 16 . .
14 2 2 16 . .
. . 4 17 17 17
. . 4 . . 5
. . 15 15 15 5
]




12
[
3 4 4 . . 17
3 . 15 . . 17
2 2 15 . . 17
. . 15 16 16 16
. . . . 5 .
14 14 14 . 5 .
]




13
[
3 3 6 6 10 .
. . 7 . 10 15
. 4 7 2 2 15
14 4 . 8 8 15
14 . . 9 11 11
14 5 5 9 12 12
]






14
[
3 3 7 . . .
. . 7 . 10 10
4 6 2 2 11 13
4 6 8 8 11 13
. . 9 . 12 12
5 5 9 . . .
]




15
[
. 4 4 8 8 .
3 3 6 6 16 17
14 15 2 2 16 17
14 15 7 9 16 17
14 15 7 9 11 11
. 5 5 10 10 .
]




16
[
3 3 7 7 9 16
4 . 8 8 9 16
4 6 14 2 2 16
. 6 14 15 15 15
. . 14 . . .
5 5 . . . .
]




17
[
3 16 16 16 . .
3 . 5 5 7 7
2 2 6 . . .
4 4 6 17 . .
14 14 14 17 8 9
15 15 15 17 8 9
]




18
[
3 3 6 17 . .
4 4 6 17 . .
14 2 2 17 . .
14 16 16 16 . .
14 5 5 . . .
15 15 15 . . .
]




19
[
. . 4 6 6 .
. . 4 . 7 .
. 3 2 2 7 .
. 3 5 5 8 .
. 14 14 14 8 .
. . . . . .
]




20
[
3 . . 14 14 14
3 4 4 7 . .
2 2 5 7 . 16
. . 5 . . 16
. . 6 8 8 16
. . 6 15 15 15
]




21
[
. 14 6 . 11 11
3 14 6 8 8 15
3 14 2 2 . 15
4 4 7 9 . 15
. . 7 9 12 12
. 5 5 10 10 .
]




22
[
14 14 14 7 7 16
15 4 4 8 . 16
15 2 2 8 . 16
15 . 6 9 11 11
3 . 6 9 . .
3 5 5 10 10 .
]




23
[
14 . . 5 8 8
14 . . 5 . .
14 2 2 6 9 .
15 15 15 6 9 16
. 3 4 7 7 16
. 3 4 . . 16
]




24
[
. 4 15 . 7 7
. 4 15 . 8 8
2 2 15 . . 16
3 14 14 14 . 16
3 5 5 6 . 16
. . . 6 9 9
]




25
[
. 5 7 14 14 14
. 5 7 9 9 12
2 2 8 . . 12
3 3 8 15 10 13
4 6 6 15 10 13
4 . . 15 11 11
]




26
[
. 4 6 6 10 10
14 4 . . . 15
14 2 2 . . 15
14 5 5 8 8 15
. . 7 9 11 11
3 3 7 9 . .
]




27
[
3 . 7 8 8 14
3 . 7 9 9 14
4 2 2 10 . 14
4 . . 10 12 12
5 5 . 11 . .
6 6 . 11 13 13
]




28
[
14 14 14 6 17 8
3 3 . 6 17 8
15 . 2 2 17 9
15 . . . . 9
15 . 5 16 16 16
4 4 5 . 7 7
]




29
[
3 . 6 . 10 10
3 . 6 . 11 15
2 2 7 . 11 15
4 4 7 8 8 15
14 14 14 9 . .
. 5 5 9 12 12
]




30
[
. . 7 15 15 15
3 . 7 16 9 9
3 2 2 16 . .
4 5 5 16 10 .
4 6 8 8 10 11
. 6 14 14 14 11
]




31
[
3 3 5 . 7 7
14 . 5 . . 16
14 . 2 2 8 16
14 15 15 15 8 16
. . . 6 9 9
4 4 . 6 . .
]




32
[
3 15 15 15 . .
3 . 5 16 7 7
2 2 5 16 . .
. 4 . 16 8 8
. 4 6 6 9 10
14 14 14 . 9 10
]




33
[
14 . 4 15 15 15
14 . 4 6 6 12
14 2 2 7 9 12
3 3 . 7 9 .
. . . 8 10 10
. . . 8 11 11
]




34
[
3 5 7 7 11 11
3 5 8 . . 14
2 2 8 . 12 14
4 4 9 9 12 14
. . . 10 13 13
. 6 6 10 . .
]




35
[
14 14 14 . 8 11
. . . . 8 11
15 2 2 . . 12
15 4 16 16 16 12
15 4 6 7 9 9
3 3 6 7 10 10
]




36
[
14 14 14 7 . .
. . 15 7 9 9
2 2 15 . . .
3 5 15 8 8 17
3 5 16 16 16 17
4 4 6 6 . 17
]



37
[
3 3 . 16 8 .
. . . 16 8 .
14 2 2 16 . .
14 . 4 17 17 17
14 . 4 5 5 9
15 15 15 . . 9
]




38
[
3 3 . 7 . .
4 6 6 7 . 17
4 . 14 2 2 17
5 5 14 . . 17
. . 14 16 16 16
. . 15 15 15 .
]




39
[
. . 8 14 14 14
3 3 8 15 11 .
4 2 2 15 11 .
4 . . 15 12 12
5 5 9 9 . 13
6 6 10 10 . 13
]




40
[
3 . 4 4 14 .
3 15 15 15 14 .
2 2 5 6 14 .
. . 5 6 7 7
. . 16 16 16 8
. . 17 17 17 8
]




41
[
3 3 4 14 . .
15 . 4 14 . .
15 2 2 14 . .
15 16 16 16 . .
. . . . . .
. . . 17 17 17
]




42
[
. . 4 14 14 14
3 . 4 15 5 5
3 2 2 15 . .
. 6 . 15 10 10
7 6 8 8 . 9
7 16 16 16 . 9
]




43
[
. . 14 14 14 15
. . 3 4 4 15
. . 3 2 2 15
. . 5 6 7 7
. . 5 6 8 8
. . 16 16 16 .
]




44
[
. . 3 4 4 .
. 5 3 . . .
6 5 2 2 7 .
6 8 8 . 7 .
14 14 14 . 9 .
10 10 . . 9 .
]




45
[
3 3 4 . 5 5
6 6 4 . . 14
15 2 2 . 7 14
15 16 16 16 7 14
15 8 . 9 10 10
. 8 . 9 11 11
]




46
[
. 3 . 14 14 14
4 3 . 5 15 .
4 2 2 5 15 6
7 16 16 16 15 6
7 . 8 . . 9
. . 8 10 10 9
]




47
[
3 4 4 14 . .
3 8 8 14 . .
2 2 5 14 . 15
. . 5 6 6 15
. . 7 . . 15
. . 7 16 16 16
]




48
[
14 14 14 3 . .
. . 15 3 4 4
2 2 15 . . .
5 6 15 7 7 16
5 6 17 17 17 16
8 8 9 9 . 16
]




49
[
14 14 14 . 15 .
. . 3 . 15 .
2 2 3 . 15 4
5 6 6 7 7 4
5 8 8 9 . 10
16 16 16 9 . 10
]




50
[
14 . 3 15 15 15
14 . 3 4 . .
14 2 2 4 . .
5 5 6 6 . 16
. . . . . 16
7 7 8 8 . 16
]




51
[
3 3 . 14 14 14
. . . 4 5 5
6 2 2 4 . 15
6 . 16 7 7 15
8 8 16 . . 15
. . 16 17 17 17
]




52
[
3 3 14 4 5 5
. . 14 4 . .
2 2 14 . . .
6 7 7 8 8 15
6 . . 9 . 15
10 10 . 9 . 15
]




53
[
. 3 14 . 4 4
. 3 14 . . .
2 2 14 . . .
5 6 6 7 7 15
5 8 8 9 10 15
16 16 16 9 10 15
]




54
[
3 . . 14 14 14
3 . . 4 . 15
2 2 . 4 5 15
16 16 16 6 5 15
. . 7 6 8 8
9 9 7 10 10 .
]




55
[
. . 14 3 3 15
. . 14 4 . 15
2 2 14 4 . 15
5 16 16 16 . .
5 6 6 7 8 .
9 9 . 7 8 .
]




56
[
14 15 15 15 3 3
14 4 5 5 . 16
14 4 2 2 . 16
17 17 17 6 . 16
. . 7 6 8 8
9 9 7 . . .
]




57
[
3 3 4 . 5 5
6 6 4 . 14 15
16 2 2 . 14 15
16 17 17 17 14 15
16 . . 7 8 8
9 9 . 7 10 10
]




58
[
3 . . 14 14 14
3 4 4 5 . .
2 2 6 5 . 15
. . 6 7 7 15
. . 8 9 9 15
. . 8 16 16 16
]




59
[
. . 3 14 14 14
. . 3 4 . .
2 2 5 4 . 15
6 6 5 7 7 15
8 9 10 10 . 15
8 9 11 11 . .
]




60
[
14 3 3 . 4 .
14 5 6 . 4 15
14 5 6 2 2 15
16 16 16 7 . 15
. . 8 7 9 9
10 10 8 11 11 .
]




61
[
14 3 3 4 5 5
14 6 6 4 15 .
14 2 2 7 15 .
8 8 9 7 15 .
. . 9 10 10 11
. 12 12 13 13 11
]




62
[
. 3 14 14 14 4
. 3 . . 5 4
15 2 2 . 5 6
15 . 7 8 8 6
15 . 7 9 10 10
16 16 16 9 . .
]




63
[
. 3 4 4 5 5
. 3 . 6 7 7
2 2 . 6 8 14
15 16 16 16 8 14
15 . 9 10 10 14
15 . 9 11 11 .
]




64
[
. 3 4 4 6 6
16 3 5 5 14 15
16 . 2 2 14 15
16 17 17 17 14 15
. . 7 8 . .
. . 7 8 9 9
]




65
[
14 3 3 4 . .
14 5 . 4 6 6
14 5 2 2 7 .
8 8 9 . 7 15
. . 9 10 10 15
11 11 12 12 . 15
]




66
[
3 4 4 5 5 .
3 . 6 14 14 14
2 2 6 15 . 7
8 9 9 15 10 7
8 11 . 15 10 12
. 11 16 16 16 12
]




67
[
14 14 14 3 4 .
. 5 5 3 4 .
15 2 2 6 . .
15 . 7 6 8 8
15 . 7 10 10 9
16 16 16 . . 9
]




68
[
. 3 4 4 5 5
. 3 . 6 7 7
15 2 2 6 . .
15 14 14 14 . 16
15 . 9 10 10 16
8 8 9 . . 16
]




69
[
. 3 3 4 . 14
5 6 . 4 . 14
5 6 2 2 7 14
8 9 9 10 7 .
8 . 11 10 12 12
. . 11 15 15 15
]




70
[
3 3 4 4 5 11
. . . . 5 11
. . . 2 2 6
15 . 14 14 14 6
15 . 7 8 9 9
15 . 7 8 10 10
]




71
[
3 4 5 5 6 6
3 4 14 . 7 7
2 2 14 . . .
8 8 14 10 . 16
9 11 11 10 . 16
9 15 15 15 . 16
]




72
[
. . 14 3 4 4
. . 14 3 5 .
2 2 14 . 5 .
8 9 9 6 6 15
8 10 10 7 . 15
16 16 16 7 . 15
]




73
[
. . . 4 3 3
14 6 . 4 5 .
14 6 2 2 5 15
14 9 9 12 12 15
. . 11 10 10 15
7 7 11 . 8 8
]




74
[
. 3 3 4 4 .
. . 14 5 . .
2 2 14 5 . .
6 6 14 10 7 7
8 9 9 10 . 11
8 15 15 15 . 11
]




75
[
. . 3 14 14 14
. . 3 . 7 .
. 2 2 4 7 .
8 8 9 4 . 15
. 5 9 10 10 15
. 5 16 16 16 15
]




76
[
. . 14 14 14 15
. . 3 4 4 15
8 . 3 2 2 15
8 . 9 10 6 6
. . 9 10 5 5
. . 16 16 16 .
]




77
[
. 3 14 14 14 4
. 3 . . . 4
. 2 2 6 7 15
8 8 17 6 7 15
5 . 17 10 10 15
5 . 17 16 16 16
]




78
[
3 4 4 5 6 6
3 . 14 5 . 15
2 2 14 . . 15
. . 14 8 8 15
. . . 9 7 7
16 16 16 9 . .
]




79
[
3 3 5 . 6 6
4 4 5 . 14 .
16 . 2 2 14 .
16 15 15 15 14 7
16 . . 8 . 7
10 10 . 8 9 9
]