1 4541 11 0.9772953987121582 IDS
1 93 92 0.059935808181762695 DFS
1 1059 9 0.7043979167938232 BFS
1 552 9 0.4097616672515869 A*
2 8891 12 2.1383426189422607 IDS
2 1236 1210 1.0471322536468506 DFS
2 2951 9 2.3912465572357178 BFS
2 606 13 0.8009696006774902 A*
3 6227 23 1.7000293731689453 IDS
3 124 120 0.06887125968933105 DFS
3 774 15 0.41124534606933594 BFS
3 524 16 0.8416092395782471 A*
4 2664 17 0.6721255779266357 IDS
4 215 66 0.11600303649902344 DFS
4 368 10 0.2084970474243164 BFS
4 321 9 0.2636744976043701 A*
5 9722 16 2.390897274017334 IDS
5 573 547 0.4788978099822998 DFS
5 2239 10 1.8320839405059814 BFS
5 406 12 0.24253582954406738 A*
6 8243 13 2.3827879428863525 IDS
6 281 275 0.21994805335998535 DFS
6 1651 10 1.2929675579071045 BFS
6 187 12 0.09081292152404785 A*
7 2016 6 0.32268619537353516 IDS
7 211 210 0.1756298542022705 DFS
7 2258 6 1.853194236755371 BFS
7 152 6 0.055780649185180664 A*
8 18025 20 8.27823519706726 IDS
8 181 160 0.15458393096923828 DFS
8 952 13 0.8019678592681885 BFS
8 196 16 0.20615005493164062 A*
9 3029 17 0.9737198352813721 IDS
9 98 97 0.07216143608093262 DFS
9 682 13 0.5433981418609619 BFS
9 147 12 0.09999322891235352 A*
10 24582 40 9.566842794418335 IDS
10 330 285 0.2560122013092041 DFS
10 1901 18 1.5107979774475098 BFS
10 1405 19 4.77504825592041 A*
11 31471 77 13.3808274269104 IDS
11 514 89 0.3382110595703125 DFS
11 830 26 0.5018489360809326 BFS
11 739 35 1.3105764389038086 A*
12 10898 35 3.642730236053467 IDS
12 317 121 0.19675302505493164 DFS
12 1269 18 0.7915301322937012 BFS
12 563 22 1.0689013004302979 A*
13 84619 47 31.32529354095459 IDS
13 734 711 0.637653112411499 DFS
13 8212 17 7.016343116760254 BFS
13 2205 21 3.9639179706573486 A*
14 37331 42 12.963742017745972 IDS
14 379 358 0.319122314453125 DFS
14 10323 18 8.941130638122559 BFS
14 9420 20 77.10304021835327 A*
15 13903 35 7.7438085079193115 IDS
15 217 90 0.1755354404449463 DFS
15 526 24 0.44327640533447266 BFS
15 438 28 1.001333475112915 A*
16 104696 89 43.44433832168579 IDS
16 470 396 0.3658149242401123 DFS
16 2520 22 1.9141435623168945 BFS
16 2081 26 6.429813861846924 A*
17 105899 107 52.00561475753784 IDS
17 595 216 0.47855091094970703 DFS
17 2109 25 1.6930797100067139 BFS
17 1003 28 2.826647996902466 A*
18 69087 141 33.666581869125366 IDS
18 689 186 0.45521998405456543 DFS
18 1588 26 1.0320024490356445 BFS
18 1458 30 3.5724568367004395 A*
19 19161 63 7.793911695480347 IDS
19 159 107 0.08961701393127441 DFS
19 486 23 0.27460455894470215 BFS
19 450 24 0.8253600597381592 A*
20 2973 15 0.8090822696685791 IDS
20 53 53 0.03745222091674805 DFS
20 1662 11 1.1596705913543701 BFS
20 1122 14 2.122128963470459 A*
21 123440 63 48.52664494514465 IDS
21 538 528 0.46950864791870117 DFS
21 4875 29 4.210261583328247 BFS
21 4245 30 22.397417306900024 A*
22 1226 31 0.8094987869262695 IDS
22 49 31 0.0343475341796875 DFS
22 71 29 0.04937458038330078 BFS
22 69 29 0.09555983543395996 A*
23 47432 50 17.42203712463379 IDS
23 721 635 0.5465795993804932 DFS
23 2568 27 1.899352788925171 BFS
23 2351 34 9.25414228439331 A*
24 77130 82 32.52363133430481 IDS
24 3914 1235 3.0597331523895264 DFS
24 9844 27 7.628809690475464 BFS
24 5838 29 32.56359100341797 A*
25 18742 58 8.82146430015564 IDS
25 549 475 0.4794149398803711 DFS
25 2248 27 1.9743552207946777 BFS
25 414 30 0.5129005908966064 A*
26 26507 48 12.06147289276123 IDS
26 364 152 0.28479480743408203 DFS
26 2528 26 1.918989896774292 BFS
26 1868 31 4.64146089553833 A*
27 53395 70 23.915693759918213 IDS
27 724 568 0.5696976184844971 DFS
27 2210 26 1.7564165592193604 BFS
27 2123 32 6.650256633758545 A*
28 146714 80 57.97990608215332 IDS
28 1750 226 1.4021923542022705 DFS
28 2723 26 2.1750361919403076 BFS
28 2503 28 10.841433763504028 A*
29 40596 58 19.284627437591553 IDS
29 777 364 0.6254618167877197 DFS
29 1752 26 1.405473232269287 BFS
29 1391 29 3.296219825744629 A*
30 210408 111 84.94256734848022 IDS
30 620 550 0.5241341590881348 DFS
30 5727 25 4.961512327194214 BFS
30 2330 31 3.8200619220733643 A*
31 119109 124 48.93586802482605 IDS
31 3122 1289 2.4481091499328613 DFS
31 6840 30 5.480638742446899 BFS
31 2886 35 6.295289516448975 A*
32 98339 67 30.983087301254272 IDS
32 1007 988 0.846611499786377 DFS
32 17045 30 14.820459365844727 BFS
32 3457 45 6.868023872375488 A*
33 106871 105 47.43559503555298 IDS
33 770 576 0.6185550689697266 DFS
33 5368 30 4.444895267486572 BFS
33 3568 36 11.875431537628174 A*
34 99110 89 43.32570290565491 IDS
34 687 450 0.5695607662200928 DFS
34 8875 30 7.488976716995239 BFS
34 3002 39 7.828687429428101 A*
35 55897 88 29.241201400756836 IDS
35 576 455 0.5247602462768555 DFS
35 2040 31 1.7007830142974854 BFS
35 738 35 1.1064646244049072 A*
36 34459 68 15.411349296569824 IDS
36 388 361 0.29647254943847656 DFS
36 2067 31 1.5781314373016357 BFS
36 833 32 1.384599208831787 A*
37 357665 128 118.41346716880798 IDS
37 1276 536 0.9537081718444824 DFS
37 6290 31 4.767618656158447 BFS
37 4384 40 27.081350564956665 A*
38 96319 90 35.7316460609436 IDS
38 1166 941 0.8642787933349609 DFS
38 5904 31 4.258455514907837 BFS
38 2662 37 10.080843210220337 A*
39 1027115 190 402.9870502948761 IDS
39 2538 2337 2.2029151916503906 DFS
39 13767 32 11.825149536132812 BFS
39 4749 38 12.446478128433228 A*
40 410975 146 142.20706605911255 IDS
40 604 557 0.46970272064208984 DFS
40 8556 31 6.713751316070557 BFS
40 3634 37 9.469799995422363 A*
41 6313 51 2.4964940547943115 IDS
41 115 62 0.06767797470092773 DFS
41 260 22 0.13602972030639648 BFS
41 246 24 0.35211730003356934 A*
42 49184 110 24.167747735977173 IDS
42 541 505 0.4330456256866455 DFS
42 3604 27 2.9061784744262695 BFS
42 2244 28 3.9858953952789307 A*
43 32979 53 12.036444187164307 IDS
43 430 343 0.28516101837158203 DFS
43 2250 30 1.5653421878814697 BFS
43 1092 33 1.29996657371521 A*
44 511565 181 205.5608263015747 IDS
44 580 513 0.41741943359375 DFS
44 4328 26 3.164138078689575 BFS
44 3880 27 18.80302619934082 A*
45 356431 166 149.3837113380432 IDS
45 1305 1230 1.1191437244415283 DFS
45 8623 28 7.219115734100342 BFS
45 6287 40 34.340033531188965 A*
46 96273 88 39.88563847541809 IDS
46 2680 657 2.0935845375061035 DFS
46 4701 29 3.6165313720703125 BFS
46 2150 30 2.7967026233673096 A*
47 125500 135 54.516637563705444 IDS
47 653 425 0.4521019458770752 DFS
47 2745 29 1.8111639022827148 BFS
47 1968 31 4.080991506576538 A*
48 34459 68 15.094069719314575 IDS
48 388 361 0.3170812129974365 DFS
48 2067 31 1.5758345127105713 BFS
48 833 32 1.34669828414917 A*
49 253945 131 110.71966648101807 IDS
49 1916 749 1.5079777240753174 DFS
49 4326 32 3.522336959838867 BFS
49 3011 49 8.922055959701538 A*
50 29591 84 13.320401191711426 IDS
50 296 255 0.207960844039917 DFS
50 1165 33 0.7813308238983154 BFS
50 937 35 1.9262478351593018 A*
51 250786 166 107.7850034236908 IDS
51 806 574 0.6074981689453125 DFS
51 3979 38 2.913224220275879 BFS
51 3650 40 16.95028591156006 A*
52 31941 99 17.921079635620117 IDS
52 150 112 0.1009681224822998 DFS
52 578 38 0.39829277992248535 BFS
52 495 42 0.9464435577392578 A*
53 143288 129 71.15030765533447 IDS
53 923 769 0.7629806995391846 DFS
53 4070 41 3.2456674575805664 BFS
53 1840 51 3.985790729522705 A*
54 600743 292 329.0506646633148 IDS
54 1558 523 1.245802879333496 DFS
54 4385 44 3.392747163772583 BFS
54 3247 51 9.942078828811646 A*
55 469786 222 252.74347043037415 IDS
55 1424 664 1.0316970348358154 DFS
55 3938 44 2.8724260330200195 BFS
55 3570 59 15.121825218200684 A*
56 106003 139 56.738152265548706 IDS
56 277 250 0.24088716506958008 DFS
56 2556 45 2.0273942947387695 BFS
56 1864 45 6.767760992050171 A*
57 161722 227 99.46203708648682 IDS
57 936 316 0.7922613620758057 DFS
57 1944 48 1.6141717433929443 BFS
57 1020 53 2.4255259037017822 A*
58 217293 161 99.47585201263428 IDS
58 962 619 0.668236494064331 DFS
58 3713 49 2.5920464992523193 BFS
58 2359 56 4.731886386871338 A*
59 572484 326 345.62466049194336 IDS
59 1138 409 0.8591718673706055 DFS
59 3602 51 2.6965174674987793 BFS
59 3477 60 13.93291974067688 A*
60 246645 256 164.20256161689758 IDS
60 498 350 0.41873955726623535 DFS
60 3026 52 2.5083987712860107 BFS
60 2486 53 7.67837119102478 A*
61 160845 182 99.8492283821106 IDS
61 1062 386 0.9345018863677979 DFS
61 2608 35 2.2522923946380615 BFS
61 1500 43 3.64905047416687 A*
62 109777 88 43.6610221862793 IDS
62 1554 1236 1.310495376586914 DFS
62 5439 35 4.719216346740723 BFS
62 1049 40 1.626842975616455 A*
63 316394 109 118.22907638549805 IDS
63 706 682 0.6444661617279053 DFS
63 8625 35 7.658348083496094 BFS
63 6246 45 34.1531765460968 A*
64 509335 310 267.7983388900757 IDS
64 1129 507 0.8945329189300537 DFS
64 3642 34 2.898219585418701 BFS
64 3307 41 16.373991012573242 A*
65 183119 99 64.69946241378784 IDS
65 418 365 0.3662869930267334 DFS
65 17330 33 15.22773551940918 BFS
65 6236 40 20.98833465576172 A*
66 55614 64 27.3326575756073 IDS
66 359 333 0.30383944511413574 DFS
66 1404 33 1.1685640811920166 BFS
66 1156 35 3.525956630706787 A*
67 18796 62 8.849446058273315 IDS
67 438 285 0.349503755569458 DFS
67 1654 33 1.2887611389160156 BFS
67 1128 37 2.9715347290039062 A*
68 155420 83 54.52114272117615 IDS
68 2654 666 2.0879714488983154 DFS
68 6382 32 5.123274326324463 BFS
68 5472 39 40.64035630226135 A*
69 215713 116 97.75286936759949 IDS
69 1632 1384 1.3564088344573975 DFS
69 5280 31 4.367219686508179 BFS
69 3965 35 16.32049870491028 A*
70 875275 192 316.08967566490173 IDS
70 5952 858 4.846692085266113 DFS
70 9241 36 7.58367919921875 BFS
70 4057 43 13.870617151260376 A*
71 84864 127 42.628480434417725 IDS
71 997 764 0.80126953125 DFS
71 3078 37 2.497447967529297 BFS
71 2500 37 8.456904649734497 A*
72 39704 103 22.94837713241577 IDS
72 962 223 0.7022740840911865 DFS
72 1269 38 0.9283163547515869 BFS
72 793 42 1.3466272354125977 A*
73 627307 363 376.4861788749695 IDS
73 1653 983 1.3462717533111572 DFS
73 5883 39 4.8977649211883545 BFS
73 3635 48 12.905478239059448 A*
74 58372 140 35.15955877304077 IDS
74 319 238 0.24553632736206055 DFS
74 981 40 0.6971108913421631 BFS
74 734 41 1.4563751220703125 A*
75 163703 105 64.46690726280212 IDS
75 1261 702 0.9360916614532471 DFS
75 3878 40 2.866468906402588 BFS
75 2362 50 8.626269578933716 A*
76 163011 119 74.7018187046051 IDS
76 1123 577 0.7958526611328125 DFS
76 3713 40 2.6317694187164307 BFS
76 2328 47 4.612315893173218 A*
77 95133 147 53.08716440200806 IDS
77 616 352 0.46640920639038086 DFS
77 1853 41 1.4351134300231934 BFS
77 1379 44 2.8846652507781982 A*
78 92411 145 52.20048689842224 IDS
78 288 220 0.2088756561279297 DFS
78 1325 43 0.9149079322814941 BFS
78 1010 45 2.2985661029815674 A*
79 346469 240 175.87336230278015 IDS
79 835 584 0.641636848449707 DFS
79 2955 46 2.3038883209228516 BFS
79 2631 48 11.127760410308838 A*